15
44
[0,1,2,3,4,5,6,7,8,9,10,11,12,13,14]
[[0,5],
[5,0],
[0,6],
[6,0],
[0,7],
[7,0],
[1,2],
[2,1],
[1,4],
[4,1],
[1,5],
[5,1],
[2,4],
[4,2],
[2,7],
[7,2],
[3,4],
[4,3],
[3,5],
[5,3],
[5,12],
[12,5],
[6,9],
[9,6],
[6,13],
[13,6],
[7,8],
[8,7],
[7,14],
[14,7],
[8,9],
[9,8],
[8,11],
[11,8],
[8,14],
[14,8],
[9,11],
[11,9],
[10,12],
[12,10],
[10,13],
[13,10],
[12,13],
[13,12]]
[0,0,0,0,0,0,0,0,0,0,0,0,0,0,0,0,0,0,0,0,0,0,0,0,0,0,0,0,0,0,0,0,0,0,0,0,0,0,0,0,0,0,0,0,0,0,0,0,0,0,0,0,0,0,0,0,0,0,0,0,0,0,0,0,0,0,0,0,0,0,0,0,0,0,0,0,0,0,0,0,0,0,0,0,0,0,0,0,0,0,0,0,0,0,0,0,0,0,0,0,0,0,0,0,0,0,0,0,0,0,0,0,0,0,0,0,0,0,0,0,0,0,0,0,0,0,0,0,0,0,0,0,0,0,0,0,0,0,0,0,0,0,0,0,0,0,0,0,0,0,0,0,0,0,0,0,0,0,0,0,0,0,0,0,0,0,0,0,0,0,0,0,0,0,0,0,0,0,0,0,0,0,0,0,0,0,0,0,0,0,0,0,0,0,0,0,0,0,0,0,0,0,0,0,0,0,0,0,0,0]