10
11
50
[0,1,2,3,4,5,6,7,8,9,10]
[[0,3],
[3,0],
[0,4],
[4,0],
[0,2],
[2,0],
[0,1],
[1,0],
[1,2],
[2,1],
[1,5],
[5,1],
[1,8],
[8,1],
[1,6],
[6,1],
[1,7],
[7,1],
[2,4],
[4,2],
[2,9],
[9,2],
[2,7],
[7,2],
[3,4],
[4,3],
[3,9],
[9,3],
[3,8],
[8,3],
[4,8],
[8,4],
[4,5],
[5,4],
[5,6],
[6,5],
[6,9],
[9,6],
[6,10],
[10,6],
[6,7],
[7,6],
[7,10],
[10,7],
[8,9],
[9,8],
[8,10],
[10,8],
[9,10],
[10,9]]
[0,0,0,0,0,0,0,0,0,0,0,0,0,0,0,0,0,0,0,0,0,0,0,0,0,0,0,0,0,0,0,0,0,0,0,0,0,0,0,0,0,0,0,0,0,0,0,0,0,0,0,0,0,0,0,0,0,0,0,0,0,0,0,0,0,0,0,0,0,0,0,0,0,0,0,0,0,0,0,0,0,0,0,0,0,0,0,0,0,0,0,0,0,0,0,0,0,0,0,0,0,0,0,0,0,0,0,0,0,0]