14 //node num
42 //link num
[0,1,2,3,4,5,6,7,8,9,10,11,12,13]
[[0,1],
[0,2],
[0,3],
[1,2],
[1,7],
[2,5],
[3,4],
[3,10],
[4,5],
[4,6],
[5,9],
[5,13],
[6,7],
[7,8],
[8,9],
[8,11],
[8,12],
[10,11],
[10,12],
[11,13],
[12,13],
[1,0],
[2,0],
[3,0],
[2,1],
[7,1],
[5,2],
[4,3],
[10,3],
[5,4],
[6,4],
[9,5],
[13,5],
[7,6],
[8,7],
[9,8],
[11,8],
[12,8],
[11,10],
[12,10],
[13,11],
[13,12]]
[0,0,0,0,0,0,0,0,0,0,0,0,0,0,0,0,0,0,0,0,0,0,0,0,0,0,0,0,0,0,0,0,0,0,0,0,0,0,0,0,0,0,0,0,0,0,0,0,0,0,0,0,0,0,0,0,0,0,0,0,0,0,0,0,0,0,0,0,0,0,0,0,0,0,0,0,0,0,0,0,0,0,0,0,0,0,0,0,0,0,0,0,0,0,0,0,0,0,0,0,0,0,0,0,0,0,0,0,0,0,0,0,0,0,0,0,0,0,0,0,0,0,0,0,0,0,0,0,0,0,0,0,0,0,0,0,0,0,0,0,0,0,0,0,0,0,0,0,0,0,0,0,0,0,0,0,0,0,0,0,0,0,0,0,0,0,0,0,0,0,0,0,0,0,0,0,0,0,0,0,0,0]