24
88
[0,1,2,3,4,5,6,7,8,9,10,11,12,13,14,15,16,17,18,19,20,21,22,23]
[[0,1],
[0,5],
[1,2],
[1,5],
[2,3],
[2,4],
[2,6],
[3,4],
[3,6],
[4,7],
[5,6],
[5,8],
[5,10],
[6,7],
[6,8],
[7,9],
[8,9],
[8,10],
[8,11],
[9,12],
[9,13],
[10,11],
[10,14],
[10,18],
[11,12],
[11,15],
[12,13],
[12,16],
[13,17],
[14,15],
[14,19],
[15,16],
[15,20],
[15,21],
[16,17],
[16,21],
[16,22],
[16,23],
[17,23],
[18,19],
[19,20],
[20,21],
[21,22],
[22,23],
[1,0],
[5,0],
[2,1],
[5,1],
[3,2],
[4,2],
[6,2],
[4,3],
[6,3],
[7,4],
[6,5],
[8,5],
[10,5],
[7,6],
[8,6],
[9,7],
[9,8],
[10,8],
[11,8],
[12,9],
[13,9],
[11,10],
[14,10],
[18,10],
[12,11],
[15,11],
[13,12],
[16,12],
[17,13],
[15,14],
[19,14],
[16,15],
[20,15],
[21,15],
[17,16],
[21,16],
[22,16],
[23,16],
[23,17],
[19,18],
[20,19],
[21,20],
[22,21],
[23,22]]
[0,0,0,0,0,0,0,0,0,0,0,0,0,0,0,0,0,0,0,0,0,0,0,0,0,0,0,0,0,0,0,0,0,0,0,0,0,0,0,0,0,0,0,0,0,0,0,0,0,0,0,0,0,0,0,0,0,0,0,0,0,0,0,0,0,0,0,0,0,0,0,0,0,0,0,0,0,0,0,0,0,0,0,0,0,0,0,0,0,0,0,0,0,0,0,0,0,0,0,0,0,0,0,0,0,0,0,0,0,0,0,0,0,0,0,0,0,0,0,0,0,0,0,0,0,0,0,0,0,0,0,0,0,0,0,0,0,0,0,0,0,0,0,0,0,0,0,0,0,0,0,0,0,0,0,0,0,0,0,0,0,0,0,0,0,0,0,0,0,0,0,0,0,0,0,0,0,0,0,0,0,0,0,0,0,0,0,0,0,0,0,0,0,0,0,0,0,0,0,0,0,0,0,0,0,0,0,0,0,0,0,0,0,0,0,0,0,0,0,0,0,0,0,0,0,0,0,0,0,0,0,0,0,0,0,0,0,0,0,0,0,0,0,0,0,0,0,0,0,0,0,0,0,0,0,0,0,0,0,0,0,0,0,0,0,0,0,0,0,0,0,0,0,0,0,0,0,0,0,0,0,0,0,0,0,0,0,0,0,0,0,0,0,0,0,0,0,0,0,0,0,0,0,0,0,0,0,0,0,0,0,0,0,0,0,0,0,0,0,0,0,0,0,0,0,0,0,0,0,0,0,0,0,0,0,0,0,0,0,0,0,0,0,0,0,0,0,0,0,0,0,0,0,0,0,0,0,0,0,0,0,0,0,0,0,0,0,0,0,0,0,0,0,0,0,0,0,0,0,0,0,0,0,0,0,0,0,0,0,0,0,0,0,0,0,0,0,0,0,0,0,0,0,0,0,0,0,0,0,0,0,0,0,0,0,0,0,0,0,0,0,0,0,0,0,0,0,0,0,0,0,0,0,0,0,0,0,0,0,0,0,0,0,0,0,0,0,0,0,0,0,0,0,0,0,0,0,0,0,0,0,0,0,0,0,0,0,0,0,0,0,0,0,0,0,0,0,0,0,0,0,0,0,0,0,0,0,0,0,0,0,0,0,0,0,0,0,0,0,0,0,0,0,0,0,0,0,0,0,0,0,0,0,0,0,0,0,0,0,0,0,0,0,0,0,0,0,0,0,0,0,0,0,0,0,0,0,0,0,0,0,0,0,0,0,0,0,0,0,0,0,0]